1006
-0.0496345 -0.0153724 -0.0464444
0.0306586 -0.014203 -0.191417
0.0148602 -0.0179137 0.0509968
-0.0984069 0.0230014 -0.783375
-0.297941 0.0039973 -0.082722
-0.491743 0.0120404 0.478449
-0.146153 0.00182769 0.311852
-0.337517 0.0105038 0.320297
-0.0305861 -0.00968634 0.190795
-0.352431 0.00025465 -0.852215
-0.0637792 -0.0144962 0.0587215
-0.110348 -0.00737742 -0.00433006
0.222494 -0.0129324 0.0597201
-0.0313941 -0.0132208 -0.129891
0.0442787 -0.0119499 0.243095
-0.344662 0.00579692 -0.320037
0.357187 -0.00968883 0.321203
-0.182448 -0.00468668 -0.320945
-0.329959 0.00588705 0.185156
-0.50795 0.00388739 -0.480894
-0.119201 -0.00941328 -0.0122762
0.253326 -0.00961585 -0.225778
0.100172 -0.0189056 -0.0425256
0.355379 -0.00279648 -0.323092
-0.113278 -0.0131287 -0.139447
0.513474 -0.00729798 -0.47861
0.153208 -0.00862531 -0.047018
0.512022 -0.00702586 0.473125
-0.278556 0.0393663 -0.734439
0.10317 -0.00582743 0.318529
-0.112537 0.0135439 -0.792047
-0.113323 -0.00648062 -0.0845358
-0.428585 0.0216284 -0.665801
0.150973 -0.0103423 0.317727
-0.179026 -0.00504974 -0.0743874
-0.140596 -0.00242931 0.318934
-0.216914 0.10524 0.874441
-0.163254 -0.00504031 0.319484
-0.336765 -0.00656529 -0.835917
-0.351343 -0.0036023 -0.847961
-0.105091 -0.000968265 -0.778193
-0.0287558 0.0559916 -0.810261
-0.126705 -0.0105496 -0.019271
-0.0344728 0.057339 -0.817581
-0.431711 0.00229604 -0.632158
-0.321597 0.0296227 -0.70223
-0.0256195 0.0541007 -0.817863
-0.081424 0.0706602 -0.795416
-0.105408 0.0237075 -0.798022
-0.359595 0.0257272 -0.696233
-0.101996 0.0299696 -0.7076
-0.123332 -0.016349 -0.712564
-0.129885 0.0475142 -0.768565
-0.295694 0.0412776 -0.711989
-0.210059 0.081658 0.846432
-0.13404 -0.00911586 -0.704941
0.0115276 0.0125671 -0.799184
-0.0938678 0.0257373 -0.798267
0.015402 0.00696786 -0.804794
-0.0703857 0.0584096 0.883596
0.0341216 0.0512432 0.913708
-0.331077 -0.00723307 -0.882551
-0.265367 0.0117582 -0.883169
-0.254378 0.0120402 -0.891183
-0.201617 0.0714428 -0.807223
-0.248661 -0.0108701 -0.681198
-0.195588 0.0666363 -0.807627
-0.185647 0.0614006 -0.80546
-0.157354 -0.0101484 -0.119009
-0.159799 -0.00494269 0.0142793
-0.156938 0.0278577 0.278935
-0.148462 -0.00941464 -0.136194
-0.133003 0.0588911 0.857902
-0.125258 0.0483599 0.871812
-0.10714 0.0610808 0.873492
-0.107154 0.045706 0.874651
-0.0741495 -0.0143905 0.00624747
0.0172942 0.074787 -0.802313
0.0190806 0.078436 -0.80484
-0.0645498 -0.0135193 0.0168117
-0.0593628 -0.0170921 0.0274881
0.0279588 0.0779093 -0.800356
-0.04484 -0.0143807 0.151681
-0.0363922 -0.0104407 0.141706
-0.00726624 -0.0153454 0.0949666
0.0791842 0.0294398 -0.811785
0.0908689 0.0302107 -0.740002
0.0967939 0.0291635 -0.74287
0.107226 0.0370077 -0.788373
0.122172 0.0313677 -0.794206
0.125497 0.0329347 -0.786267
0.316044 -0.00519945 0.171562
0.338219 -2.97243e-005 -0.0771979
0.320957 -0.00654003 0.174584
0.348062 0.00307231 -0.0756249
0.333261 -0.0169804 0.118022
0.352885 -0.00282911 -0.0700438
0.354767 0.00166243 -0.0873575
-0.460757 0.00618345 0.451982
-0.37123 0.0101714 -0.642963
-0.332907 0.00320091 -0.303177
-0.302045 0.0126679 -0.772051
-0.336198 0.00129413 0.293242
-0.264825 0.0230275 -0.673977
-0.133309 -0.00295035 -0.710431
-0.0892173 -0.0114892 -0.035114
-0.0686532 0.000114181 -0.296538
-0.0541264 -0.0230124 -0.736923
0.027437 -0.0387222 -0.754065
0.0105763 -0.0125734 0.126212
0.0507857 -0.00576931 -0.0475207
0.0761722 -0.0468373 -0.747449
0.0530716 -0.0148638 0.306967
0.0662641 -0.0289673 0.00156819
0.110039 -0.0182678 -0.201467
0.126607 -0.014581 -0.0425097
0.191241 -0.066282 -0.0165438
0.214414 -0.00857612 -0.208595
0.268111 -0.0207476 0.0917356
0.281625 -0.0161546 -0.0801215
0.344939 -0.0170659 -0.296244
0.347638 -0.00732473 0.00132667
0.345992 -0.0145697 0.313055
0.500859 -0.00722506 -0.464378
-0.444444 8.58603e-005 -0.641994
-0.439703 0.00850276 -0.653266
-0.349213 0.00599653 -0.852653
-0.319995 0.0356832 -0.69877
-0.331132 -0.00194133 -0.83037
-0.341695 0.00723601 -0.313619
-0.322528 -0.0100196 -0.839635
-0.270239 0.0495841 -0.724264
-0.276783 0.0283236 -0.816951
-0.294344 -0.00360889 -0.887758
-0.261995 0.0391317 -0.872414
-0.340709 0.00131453 0.317397
-0.243635 0.0426215 -0.763702
-0.24959 0.0300321 -0.785228
-0.29314 0.00310975 -0.0823244
-0.253085 -0.0220817 -0.689736
-0.196549 0.0642183 -0.810644
-0.184822 0.0600428 -0.804358
-0.203653 0.0090549 -0.671785
-0.229714 0.0801777 0.843037
-0.159716 0.0342522 -0.748527
-0.214755 0.107129 0.876083
-0.149233 0.0379118 -0.766457
-0.136512 0.0341399 -0.766022
-0.130251 0.0415205 -0.787854
-0.17847 0.000418024 -0.0710957
-0.171524 -0.0144716 -0.310348
-0.172735 0.0073732 0.0317202
-0.143339 -0.012919 -0.676408
-0.110952 0.0330033 -0.721823
-0.216989 -0.00825644 0.838999
-0.125604 -0.0114873 -0.715612
-0.153869 -0.000347935 0.00841901
-0.114915 -0.00416876 -0.689528
-0.10081 0.0142357 -0.787772
-0.0808413 0.0576616 -0.809768
-0.116682 -0.00612484 -0.314266
-0.0750769 0.0209631 -0.800688
-0.0887821 -0.0124095 -0.722422
-0.0446457 0.080068 -0.78174
-0.085094 -0.0192813 -0.704461
-0.114771 -0.00347028 0.019958
-0.115549 -0.00991481 -0.0153706
-0.111255 -0.00700147 -0.0866991
-0.108874 -0.0124437 -0.140147
-0.0412287 0.0566626 -0.807846
-0.100901 -0.00798917 -0.000182411
-0.0928839 -0.0242702 -0.140643
-0.0891415 -0.0166176 -0.000237694
-0.0699468 -0.00763954 0.0535903
-0.0645417 -0.0161064 0.0155729
-0.0101811 0.00166748 -0.739135
-0.0341082 -0.0184509 -0.127626
0.0199336 0.00860914 -0.810099
-0.0369248 -0.0177622 0.139264
-0.0318925 -0.0090221 0.19094
-0.023206 -0.0239432 -0.0295785
0.0184978 -0.0113338 0.056057
0.0360929 -0.00720208 -0.18938
0.0757872 -0.0200594 -0.725476
0.0896068 -0.0159569 -0.726592
0.0448134 -0.0126769 0.245165
0.10139 -0.0188208 -0.0365422
0.0935298 -0.011663 0.31411
0.154691 -0.0140495 -0.0317647
0.155408 -0.0108837 -0.04428
0.155622 -0.00917673 0.315852
0.160648 0.000732942 0.289374
0.225798 -0.00620618 0.0616106
0.252521 -0.00282818 -0.220747
0.352245 0.00335899 -0.317709
0.33901 -0.00148543 -0.0699546
0.325871 -0.00882046 0.175828
0.334 0.0266828 0.110702
0.334288 -0.011125 0.122557
0.355636 -0.0142116 0.319469
0.510703 -0.0149767 -0.482913
0.512281 -0.0144784 0.470598
-0.502795 0.00393697 -0.473573
-0.343701 -0.0118248 0.140633
-0.299111 -0.0106928 -0.0890722
-0.222872 0.0686517 0.83342
-0.191387 -0.0130073 0.318271
-0.192999 0.0271383 0.824897
-0.120401 -0.0143292 0.319226
0.508525 -0.0210269 0.469602
-0.494191 0.0117267 0.480313
-0.490973 0.0101037 0.487104
-0.0990559 -0.0110949 -0.287006
0.12963 0.00209767 -0.769406
-0.491932 0.00643176 0.475796
-0.348684 0.00133762 -0.318938
-0.340426 0.00905792 0.32188
-0.213161 0.0884733 0.104331
-0.217855 0.0660911 0.0905282
-0.356656 -0.550217 -0.369908
-0.0368382 0.0720654 0.883154
0.131062 0.0141611 -0.319259
-0.265961 0.000964831 -0.0745303
-0.267992 -0.000381117 -1.02071
-0.258549 -0.00336008 -1.01824
-0.275889 -0.0257708 -1.0146
-0.252873 -0.0214303 -1.00791
-0.229185 -0.00315234 -1.03365
-0.287386 -0.00948903 -0.843563
-0.231352 -0.00751319 -1.00858
-0.242942 -0.0234122 -1.00313
-0.231138 -0.0219477 -1.0262
-0.20364 -0.00949524 -1.03964
-0.191257 -0.00868568 -1.00638
-0.202456 -0.00200858 -0.672824
-0.182532 -0.00901898 -0.665288
-0.0439632 0.0675712 -0.842865
-0.255361 0.0131955 0.139506
-0.0941324 -0.00499443 -0.286008
-0.00866401 -0.00984855 -0.0272913
-2.29099e-005 -0.00670147 -0.0265205
0.104746 -0.014426 0.248736
0.12661 0.0103189 0.236142
-0.405946 0.040353 -0.452402
-0.278794 -0.0105852 -1.04175
-0.275012 -0.0217491 -1.01198
-0.261022 -0.0236739 -1.0132
-0.356923 0.0316781 -0.45858
-0.50866 -0.00678353 -0.0259783
-0.227328 -0.0203713 -0.981328
-0.229333 -0.00273634 -0.47459
0.132642 0.00251639 -0.763222
-0.045995 -0.00813729 -0.0467872
0.11265 -0.00276201 0.238165
0.352354 -0.00913807 -0.10106
-0.212776 0.043893 -0.87072
-0.154687 0.00107552 -0.129729
-0.0728437 0.17311 0.0872944
-0.112741 -0.00817203 -0.0784238
-0.0500172 -0.00247133 -0.136481
0.346001 -0.0173629 -0.114363
0.348677 -0.0103624 -0.05175
-0.223944 0.0189633 -0.898382
-0.0974445 0.0815322 -0.907329
-0.154603 0.0380089 -0.815239
-0.0896994 0.0776921 -0.90527
0.00176978 0.0817901 -0.747762
-0.146815 -0.0128359 -0.333139
0.0502774 0.0441429 -0.810524
-0.127781 0.000800374 -0.324878
-0.126623 -0.00923677 -0.319177
-0.163498 -0.0160177 0.00127242
-0.157793 -0.00629079 -0.000368366
0.111093 -0.0502728 -0.0205815
0.117422 -0.0304555 -0.00564472
0.218303 -0.0496114 -0.257353
-0.0915192 0.537429 -0.0570594
-0.367355 0.182578 -0.191484
-1.04211 -0.692591 -0.371009
-0.788053 -0.365091 -0.0127572
-0.732651 -0.290948 0.0427201
-0.170077 -0.0188166 -1.01907
-0.137804 0.0225458 -0.961895
-0.530646 -0.0315914 0.198804
-0.210592 0.00337277 -0.693625
-0.200651 0.0283323 -0.659266
-0.340131 0.215088 0.316932
-0.219874 0.367747 0.371861
-0.190941 0.405064 0.388352
-0.196328 0.239117 0.19659
-0.494453 -0.31369 0.118603
-0.295563 -0.017172 0.151672
-0.0982885 -0.00744697 -0.328998
-0.0956385 -0.00397368 -0.286239
0.0734908 -0.0976416 -0.209282
0.218352 -0.00396005 -0.326472
0.229206 -0.0139225 -0.331518
0.261199 -0.00853019 -0.0674578
-0.0527265 0.0580396 -0.842144
-0.349412 -0.0269204 0.14667
-0.182449 0.00532991 -0.31145
-0.31185 -0.00303839 0.169716
-0.0986214 -0.00855869 -0.278419
-0.1067 -0.000795485 0.0374763
-0.0680814 -0.0251206 0.0471439
-0.0248227 -0.010087 0.187157
0.50352 -0.0176259 0.458779
0.0200288 -0.00160983 0.139442
0.027731 0.0067462 0.130251
0.0870429 -0.332979 -0.120694
0.243166 -0.187102 0.0569503
-0.30061 -0.00619356 0.165924
-0.520025 -0.00965508 -0.485713
-0.24967 -0.000940685 -0.0696426
0.0396884 -0.0256413 -0.846693
-0.167697 0.00221147 0.319346
0.232572 -0.00272237 -0.207134
0.249926 -0.0127836 -0.226013
0.237099 -0.0156013 0.0656581
0.310134 -0.015071 0.160575
0.341736 -0.00750963 -0.116063
0.353857 -0.00235182 -0.308433
-0.496121 0.00208956 -0.461077
-0.202993 0.110976 0.899074
-0.263703 0.0090578 -0.284093
-0.150037 0.0909601 0.843352
-0.168198 -0.00562613 -0.0685189
-0.324191 -0.0088485 0.174749
-0.183079 -0.0239597 0.244858
-0.500409 -0.00816311 0.475269
-0.197695 0.0916508 0.118184
-0.107236 -0.0214244 -0.167418
-0.0469006 -0.0104526 -0.127303
-0.0173641 -0.0114449 -0.0348707
0.106094 0.00726988 -0.0159424
-0.289316 0.115601 1.20976
0.0362213 0.298574 1.20864
0.157552 0.46457 0.981087
0.0718321 0.271202 1.23428
0.0058858 0.108495 1.23847
-0.00526995 0.0929175 1.17053
0.000784956 0.110871 1.06796
0.0801433 0.0984743 1.00966
0.262446 0.110452 1.03022
0.359483 0.248791 0.888591
0.32789 0.0780467 1.05092
0.385277 0.191641 0.920049
0.0383793 0.568218 1.0128
-0.301689 -0.0947648 1.3051
0.161738 0.589416 0.995167
-0.125185 0.148981 1.20789
-0.503855 -0.424009 1.36471
-0.167845 0.0639711 1.18203
0.136787 0.526583 0.932865
-0.149943 0.0801931 1.24056
-0.130217 0.11132 1.15654
-3.14767e+008 -4.82167e+008 1.79853e+008
0.0864288 0.439028 1.04747
-2.15665 -3.02996 2.24361
-0.902284 -1.14429 1.40641
-0.0755711 0.107823 1.00325
-0.0668141 0.110445 1.16549
0.027404 0.266116 1.08608
0.222548 0.583198 0.98566
-0.227288 -0.168722 1.26313
0.0616299 0.303368 1.01311
0.159698 0.455609 1.06172
-0.10012 0.0191915 1.1035
0.113162 0.372243 1.06781
0.141519 0.40999 1.08449
-0.112778 -0.0226883 1.14172
-0.145791 -0.0864044 1.15094
-0.119466 -0.0548129 1.15239
-0.0199223 0.101768 1.21356
-0.116575 -0.0847726 1.31752
0.19564 0.469187 0.936933
0.175331 0.403243 1.11975
0.175964 0.404694 0.953567
-0.0665124 -0.0575619 1.30537
0.0888687 0.210747 1.18282
0.0299817 0.0997799 1.22635
0.146602 0.313699 1.10542
0.20808 0.42418 1.078
0.18543 0.380647 1.08358
0.159896 0.332971 1.08784
0.18297 0.366328 1.1
0.19585 0.390189 1.08317
0.0514588 0.112431 1.17165
0.0605961 0.120584 1.17552
0.154893 0.295976 1.1295
0.197953 0.379021 1.04662
0.208223 0.39335 1.06977
0.0636335 0.118062 1.0308
0.178614 0.33106 1.06174
0.205007 0.382652 1.02411
0.195599 0.358383 1.08011
0.107878 0.187283 1.1506
0.0733186 0.121144 1.17105
0.0705958 0.107453 1.16371
0.206139 0.37549 1.00164
0.0293589 0.0295786 1.05938
0.0730743 0.107176 1.17948
0.193059 0.338709 1.01294
0.231355 0.409842 0.96189
0.163726 0.275956 1.00003
0.208496 0.357681 1.05305
0.16457 0.263683 1.08548
0.109045 0.154447 1.11346
0.176798 0.289721 0.984749
0.205831 0.350569 0.92759
0.0859505 0.0892666 1.12633
0.242135 0.406576 0.950992
0.252993 0.428464 0.934913
0.220323 0.355541 0.976085
0.21021 0.335864 0.953349
0.252599 0.417062 0.943573
0.391867 0.207964 0.935315
-0.337134 0.112505 1.24998
-0.363364 0.0805601 1.25198
-0.161748 0.111486 1.20635
-0.143424 0.126126 1.22173
-0.15795 0.104863 1.19464
0.100641 0.468306 1.00219
-0.133591 0.105974 1.11894
-0.138101 0.102773 1.09239
-0.135463 0.106562 1.07908
-0.137628 0.0875544 1.20939
0.096056 0.387865 0.992436
-0.0698873 0.102238 1.16616
-0.0681668 0.105463 1.12756
-0.0625453 0.10078 1.19747
0.0771842 0.337656 0.983615
-0.0337112 0.112718 1.22545
-0.0223529 0.103787 1.21332
0.20293 0.502706 0.941535
-0.0108223 0.0888574 1.23059
0.16076 0.384293 1.12906
0.12588 0.315026 1.0034
0.0453605 0.153461 1.20352
0.0703131 0.175948 1.20613
0.031889 0.101218 1.22512
0.0315025 0.0996074 1.20492
0.163243 0.336672 1.08462
0.261035 0.526751 0.912369
0.17137 0.329734 1.1119
0.0791893 0.101199 1.15233
0.0741332 0.0922309 1.10802
0.162016 0.269241 1.0061
0.201161 0.338182 0.929354
0.263437 0.453128 0.913836
0.330083 0.422361 1.18416
0.31488 0.374308 1.22597
0.390062 0.374186 0.922359
0.386096 0.288206 0.9048
0.398537 0.225789 0.933531
-1.02861 -0.231933 1.38157
0.360698 0.537275 1.1119
0.337787 0.460156 1.17146
0.342206 0.421723 1.18835
0.3932 0.474341 1.11252
-0.0366296 0.0980321 1.14638
-0.0216474 0.118458 1.14287
-0.0498942 0.0841422 1.07623
0.0715095 0.100387 1.00898
0.0859864 0.112167 1.00464
0.00120774 0.0988081 1.01866
0.00831004 0.110586 1.02345
0.012031 0.0965399 1.02154
0.00991473 0.107123 1.26759
0.0380954 0.10177 1.01823
0.0390237 0.0938035 1.01222
0.287942 0.0527793 1.02821
0.287992 0.0518264 1.02581
-0.845291 0.182512 1.05207
-0.831855 0.181901 1.02016
-0.83541 0.170354 1.18958
-0.810546 0.187962 1.20956
-0.816889 0.181724 1.19788
-0.0184032 0.0984667 1.04511
-0.0159795 0.0877307 1.06579
0.00514813 0.111289 1.06571
0.0189524 0.100887 1.07906
0.0270766 0.101659 1.04281
0.0351874 0.0902309 1.02676
0.0600529 0.100562 1.01111
0.0767158 0.102765 1.00646
0.103912 -0.0163632 0.241499
-0.139299 0.127064 1.22495
-0.146057 0.0727192 1.17317
-0.122911 0.119666 1.1279
-1.27272 0.191566 0.992173
-1.24572 0.246467 0.728252
-0.636284 0.724428 0.620632
-1.12038 0.253622 0.562489
-1.14512 0.240984 0.437976
-1.05972 0.235698 0.917269
-1.04942 0.201571 0.497166
-1.04907 0.217743 0.371828
-0.949506 0.224776 0.964163
-0.980411 0.203004 0.852459
-0.993797 0.201348 0.734976
-1.01233 0.188643 0.616847
-1.07036 0.168121 -0.296077
-1.00114 0.165957 0.0468764
-1.00561 0.17809 -0.11804
-0.907222 0.143477 0.913036
-1.07197 0.0878789 -0.465717
-0.831046 0.178268 1.03204
-0.988197 0.0677509 0.189306
-1.34909 0.273107 1.01856
-1.35257 0.281476 0.897489
-1.35531 0.249237 1.14796
-1.3785 0.306492 0.434466
-1.40528 0.268173 0.541614
-1.34691 0.286484 0.774952
-1.30668 0.274924 1.14322
-1.32695 0.259476 1.1402
-1.86867 -0.2107 1.34214
-1.39844 0.292473 0.0728374
-1.37392 0.283363 0.308577
-1.37093 0.287384 0.297437
-1.33049 0.291252 0.534684
-1.34417 0.261278 0.667912
-1.36437 0.258881 0.523233
-1.25648 0.280007 1.13237
-0.997565 0.534991 0.808615
-1.34405 0.267341 0.547063
-1.27819 0.256928 1.13168
-0.95652 0.526388 1.10448
-1.42018 0.254919 -0.347355
-1.3779 0.27314 -0.224233
-1.32943 0.284053 0.0171771
-1.36687 0.313849 -0.54644
-1.26572 0.269503 0.494493
-1.3304 0.248845 0.111592
-1.48547 -0.0483276 1.42431
-1.33316 0.251667 -0.102067
-1.22687 0.248182 0.746421
-1.13539 0.252806 1.25621
-1.25738 0.249578 -0.263346
-0.649942 0.692667 1.04728
-0.836771 0.497574 1.14964
-0.563858 0.764884 0.998673
-1.19487 0.226826 0.219386
-1.15648 0.248139 0.31934
-1.17048 0.235032 0.310396
-1.22004 0.236169 -0.162182
-1.2155 0.241997 -0.171812
-1.09662 0.237212 0.934445
-1.14052 0.22884 0.548156
-1.32627 -0.0611567 1.44548
-1.09391 0.213647 1.04264
-1.09011 0.230061 0.928217
-1.09546 0.225735 0.915723
-1.33504 -0.0781951 1.46585
-1.07974 0.199098 1.25682
-1.0762 0.237296 0.936283
-1.12833 0.179858 0.93402
-1.06661 0.211113 1.17089
-1.09315 0.185044 1.17192
-1.06203 0.20998 1.18027
-1.07644 0.220744 0.934606
-1.11215 0.197919 0.815138
-1.07211 0.221492 0.927133
-1.06582 0.188039 1.25589
-1.17652 0.206378 -0.128058
-1.02605 0.214367 1.23573
-1.13295 0.233661 -0.111309
-1.1419 0.22096 -0.127787
-1.10745 0.236798 0.0127696
-1.10832 0.218312 0.131107
-1.10964 0.246893 -0.216513
-1.10134 0.259057 -0.243833
-1.10038 0.215653 -0.119571
-1.10082 0.211147 -0.113255
-1.09745 0.208993 -0.120891
-0.977209 0.231535 0.845598
-1.01869 0.168798 0.982562
-1.0072 0.220402 0.613516
-1.05426 0.179598 0.504287
-1.07628 0.207762 -3.70634e-005
-1.03053 0.190537 0.596292
-1.05378 0.21538 0.112644
-0.991211 0.212888 0.742926
-1.03291 0.182184 0.596759
-0.986727 0.199898 0.861709
-0.939624 0.235123 0.970304
-0.99808 0.207203 0.613781
-0.997584 0.184259 0.735738
-0.927419 0.209787 1.17999
-0.989036 0.176142 0.85118
-0.940161 0.207241 0.967633
-0.988058 0.243068 -0.114887
-1.03041 0.210928 -0.274378
-1.04665 0.207347 -0.430255
-1.02088 0.213585 -0.252052
-1.01214 0.224421 -0.259359
-1.02964 0.215825 -0.384731
-1.01769 0.233201 -0.405854
-1.00442 0.212567 -0.116258
-1.05753 0.180117 -0.39694
-0.98771 0.213218 -0.108898
-0.986497 0.205743 -0.0976277
-0.988928 0.181944 0.0670245
-0.975311 0.198832 0.0635135
-0.974803 0.200237 0.0416458
-0.995977 0.176256 0.0269097
-0.988653 0.188239 -0.114364
-0.839349 0.210141 0.910461
-0.877743 0.145121 0.912393
-0.895159 0.186045 0.120378
-0.711539 0.200152 1.23522
-0.725854 0.161758 1.24838
-0.182956 0.011744 -0.313482
-0.0691457 0.100293 1.10226
-1.97295 -0.154585 0.238796
-1.35267 0.269998 0.905087
-1.381 0.262687 0.782189
-1.35578 0.293793 0.658517
-1.40123 0.273029 0.539388
-1.31718 0.26349 1.13916
-1.33874 0.259311 1.03047
-1.31006 0.247551 1.26391
-1.38206 0.268757 0.415709
-1.3848 0.278778 0.299783
-1.33067 0.276299 0.657282
-1.35945 0.263202 0.537679
-1.29979 0.24076 1.14097
-1.3248 0.245651 0.897276
-1.33138 0.251322 0.769782
-1.29723 0.244421 1.01788
-1.41128 0.268531 -0.339976
-1.41154 0.234639 -0.117018
-1.40546 0.244682 -0.237633
-1.44967 0.239538 -0.569726
-1.43489 0.251192 -0.689443
-1.32944 0.261834 0.0109653
-1.26878 0.255857 0.4924
-1.26842 0.268181 0.380535
-1.31735 0.237878 0.251628
-1.32014 0.2448 0.134208
-1.35271 0.245314 -0.116171
-1.35654 0.25638 -0.235576
-1.378 0.248948 -0.356673
-1.14192 0.28039 1.23638
-1.19449 0.232349 1.24144
-1.22554 0.244619 0.859448
-1.23365 0.249817 0.736898
-1.26709 0.235079 0.613551
-1.19753 0.246311 0.977154
-1.19946 0.245797 0.963084
-1.19032 0.231616 1.10038
-1.16349 0.219515 1.25288
-1.42527 0.218226 -1.02164
-1.26771 0.240413 -0.159617
-1.22379 0.267436 -0.257138
-1.27747 0.222508 -0.31614
-1.19975 0.242002 0.0903569
-1.17007 0.237128 0.320194
-1.19162 0.230496 0.206285
-1.2142 0.245097 -0.160127
-1.14668 0.224384 0.57387
-1.14276 0.229147 0.558191
-1.17177 0.213063 0.438851
-1.18821 0.246015 -0.0404431
-1.12418 0.224343 0.689735
-1.0251 0.253563 1.22434
-1.04717 0.235668 1.19985
-1.05141 0.245545 1.04208
-1.07022 0.241919 0.922721
-1.09863 0.224866 0.80902
-1.07888 0.196416 1.17461
-1.32679 0.181369 -1.06246
-1.03318 0.223855 1.23594
-1.06455 0.195266 1.21672
-1.1346 0.229547 -0.112762
-1.10259 0.225157 0.133154
-1.13614 0.20544 0.00507353
-1.09442 0.259461 -0.214791
-1.13829 0.218186 -0.261341
-1.14553 0.23371 -0.707086
-1.03457 0.22726 0.37397
-1.07459 0.199797 0.245532
-0.77853 0.543965 0.0145367
-1.03971 0.199808 0.490355
-1.00889 0.208369 0.604712
-1.06232 0.203042 0.11827
-0.947648 0.227981 0.963222
-0.963923 0.221421 0.8446
-0.997854 0.197854 0.732906
-0.926685 0.204687 1.22297
-0.939126 0.190461 1.19603
-1.02313 0.199617 -0.134752
-1.01936 0.218285 -0.250473
-1.00479 0.245775 -0.371765
-1.04493 0.204192 -0.412867
-1.05963 0.208479 -0.857966
-0.993222 0.181923 0.0517379
-0.993663 0.197008 -0.115933
-0.996894 0.19512 -0.140812
-1.04656 0.200289 -0.742868
-1.02133 0.206047 -0.620502
-0.87762 0.160788 0.897894
-0.922055 0.148195 0.113147
-0.709676 0.194073 1.23545
-0.552455 -0.859948 -0.745121
0.0438624 0.0619293 -0.297561
0.123555 0.335983 -0.163982
-1.2889 0.264645 0.254219
-1.31439 0.255288 0.135188
-1.34799 0.240433 0.00900249
-1.39322 0.229033 -0.246223
-1.18959 0.232682 1.24405
-1.30642 0.207091 -0.173137
-1.28617 0.218397 -0.304494
-1.15768 0.268176 0.207834
-1.23683 0.20549 0.0805808
-1.22341 0.242648 -0.162534
-1.20541 0.223439 -0.0507727
-1.02401 0.252443 1.20181
-1.08333 0.195695 1.18637
-1.24436 -0.0419808 1.45082
-1.09144 0.229558 0.138472
-1.15725 0.22422 -0.720486
-0.937717 0.194556 1.22382
-0.937716 0.196674 1.19635
-1.09172 0.156829 -0.776797
-1.10293 0.160335 -0.900835
-1.0093 0.215971 -0.611758
-0.362328 0.785596 0.915703
-0.748018 0.0311515 1.27083
-0.186556 0.0146586 0.311299
-0.153834 -0.00563798 0.281145
-0.112775 -0.0123353 0.30991
-1.34859 0.251806 0.129941
-0.936121 0.656425 -0.275925
-1.82261 0.0740213 1.1948
-1.80546 0.127809 0.921992
-1.8046 0.0840654 1.1801
-1.794 0.127303 0.911557
-1.51477 0.249907 1.35941
-2.47077 -0.147338 -0.654434
-1.51293 0.231546 1.37219
-2.16477 0.0428854 -0.508943
-1.44799 0.280392 1.27391
-1.45727 0.273955 1.27147
-1.46653 0.306263 1.00327
-1.45848 0.262689 1.31401
-1.47978 0.310507 0.885753
-0.552091 1.02896 0.616759
-1.44913 0.26742 1.29928
-1.45076 0.271202 1.26347
-0.624242 0.952616 0.762905
-1.3337 0.605818 -0.392003
-1.44367 0.269892 1.27944
-0.616321 0.957574 0.752813
-0.589361 0.985844 0.695855
-1.45917 0.297902 1.00734
-1.47802 0.282029 0.99864
-1.48182 0.295522 0.891792
-1.49187 0.289479 0.880185
-1.56934 0.291991 0.489172
-1.4314 0.271865 1.26839
-0.616158 0.952498 0.757487
-1.52123 0.277753 0.784338
-1.4896 0.303032 0.770851
-1.51549 0.285864 0.757061
-1.49425 0.304291 0.745417
-1.02217 0.803274 -0.252155
-1.55734 0.273196 0.604991
-1.51867 0.319138 0.495178
-1.61879 0.304117 0.0964978
-1.53707 0.457881 -0.518445
-1.56954 0.277737 0.484769
-1.55585 0.304331 0.37941
-1.60434 0.270293 0.361819
-1.5501 0.302995 0.387223
-1.60974 0.277095 0.265516
-1.57016 0.307724 0.257194
-1.61503 0.27741 0.23187
-1.28439 0.616494 -0.373445
-1.61028 0.274829 0.240207
-1.65226 0.266839 0.0790615
-1.36412 0.562588 -0.441976
-1.29014 0.613635 -0.414972
-1.63257 0.292487 -0.0190677
-1.65652 0.278135 -0.0493852
-1.6586 0.27737 -0.0585706
-1.71216 0.248372 -0.158501
-1.78954 0.196545 -0.203626
-1.66241 0.301471 -0.259372
-1.4484 0.495721 -0.477741
-1.17651 0.67791 -0.341414
-1.08148 0.736886 -0.276854
-1.81145 0.292798 -1.04979
-1.89462 0.248454 -1.22602
-1.1172 0.701626 -0.295239
-1.02145 0.769185 -0.254699
-1.05754 0.750031 -0.310632
-1.87312 0.225978 -1.11731
-1.49898 0.48019 -0.867066
-0.826473 0.887851 -0.118833
-0.50136 1.11328 0.0598387
-6.06234 -2.93441 -2.82126
-1.15039 0.61902 -0.315171
-1.38989 0.366616 -0.0225909
-1.4494 0.279583 0.192381
-1.49543 0.244243 0.177407
-1.46245 0.289219 0.0530763
-1.4796 0.285891 -0.0461189
-1.53507 0.256434 -0.192041
-1.5257 0.280337 -0.289449
-1.65071 0.277772 -0.960527
-1.30268 0.528995 -0.70909
-1.48219 0.305818 -0.287299
-0.948131 0.752025 -0.27995
-1.57691 0.296406 -0.750765
-1.54581 0.342259 -0.880631
-1.51496 0.321875 -0.60858
-1.46061 0.383869 -0.719766
-1.4883 0.287737 -0.268955
-1.53959 0.249678 -0.302474
-1.1604 0.588441 -0.431035
-1.48473 0.318931 -0.488742
-1.49724 0.363612 -0.888214
-1.4686 0.290036 -0.287678
-1.6005 0.297043 -1.06358
-1.45551 0.230887 0.154904
-1.42815 0.286424 -0.0585081
-1.47694 0.26527 -0.192027
-1.54019 0.322857 -0.931573
-1.55659 0.185653 -0.226394
-1.52896 0.311105 -0.927028
-1.24154 0.203371 1.34179
-1.43515 0.36801 -0.863103
-1.39731 0.334888 -0.724317
-1.5021 0.260335 -0.860655
-1.43502 0.324221 -0.913423
-1.46035 0.31516 -1.0383
-1.43424 0.298591 -0.819277
-1.42393 0.289709 -0.76142
-1.48658 0.239335 -0.984552
-1.26068 0.238745 -0.0374391
-1.25299 0.237113 -0.044977
-1.24943 0.234258 -0.0291516
-1.22903 0.24782 -0.0328022
-1.0894 0.230304 0.587665
-0.984363 0.207526 0.508169
-0.850988 0.190008 1.02537
-0.957991 0.173085 -0.0292205
-0.809803 0.196097 1.00774
-0.106616 0.11068 0.99741
-1.44322 0.270134 1.29499
-1.43268 0.280846 1.2747
-1.45477 0.265104 1.2717
-1.48929 0.259278 1.13919
-1.45958 0.301269 1.00842
-1.44799 0.302867 0.991475
-1.46617 0.305243 0.887694
-1.45183 0.318083 0.868226
-1.51902 0.284458 0.762242
-1.56247 0.263435 0.623951
-1.5555 0.273559 0.606863
-0.450049 1.12123 0.440575
-0.428554 1.13812 0.433926
-0.38759 1.1739 0.39861
-0.370986 1.18687 0.393845
-1.59569 0.288862 0.243136
-1.61132 0.299319 0.0983492
-1.2592 0.631752 -0.362673
-1.64462 0.283761 -0.0407348
-1.66853 0.28101 -0.147393
-1.69143 0.266806 -0.170676
-1.77827 0.317191 -1.02793
-1.70155 0.368439 -0.988152
-1.0836 0.72459 -0.288021
-2.10592 0.0726307 -1.28512
-1.3801 0.561237 -0.777959
-3.41525 -1.0285 -1.52539
-1.52909 0.242619 0.0553345
-1.43722 0.290272 0.187447
-1.50362 0.28836 -0.18051
-1.4915 0.270867 -0.0686292
-1.59662 0.307085 -0.915477
-1.53636 0.250815 -0.317866
-1.43359 0.385487 -0.693165
-1.44782 0.394896 -0.834396
-1.44498 0.250818 0.0517439
-1.5051 0.313683 -0.760655
-1.47616 0.357691 -0.88364
-1.4391 0.300425 -0.753067
-1.55473 0.186279 -0.856715
-1.44038 0.28102 -0.790015
-1.36938 0.340329 -0.753344
-1.39573 0.2983 -0.776602
-0.963244 0.160297 -0.0260256
-0.0254801 0.466496 -0.217225
-0.578613 1.05416 0.0137377
-1.54449 0.35965 -0.705148
-1.3785 0.290848 0.539061
-1.43052 0.260483 0.421687
-1.36443 0.264749 0.535723
-0.345188 1.14477 0.410876
-1.52644 0.342978 -0.903271
-0.481004 0.935489 0.742782
-1.41998 0.314092 -0.770389
-0.176023 0.456038 -0.220254
-0.0228481 0.834659 -0.0119199
-1.73368 0.213471 -1.03016
-0.744053 0.902602 -0.309928
-1.46672 0.270381 -0.798794
-2.02349 0.18335 -0.307617
-1.82847 0.279352 -0.651112
-1.80581 0.278108 -0.646246
-1.83139 0.262249 -0.677909
-1.86249 0.242776 -0.717798
-1.81733 0.2614 -0.685153
-1.7784 0.165155 0.962844
-1.83997 0.111826 1.02263
-1.80565 0.25958 -0.698361
-1.77374 0.273663 -0.655397
-1.7887 0.264072 -0.67731
-1.68406 0.326509 -0.602389
-1.75558 0.281862 -0.688662
-1.83378 0.0964565 1.03849
-1.77074 0.261973 -0.714526
-1.82249 0.0949543 1.03676
-1.64065 0.31813 -0.249056
-1.69323 0.305481 -0.616142
-1.67999 0.287861 -0.288352
-1.71511 0.264305 -0.312663
-1.64013 0.273834 -0.540894
-1.69518 0.236595 -0.593505
-1.62447 0.270412 -0.57218
-1.58197 0.272056 -0.687768
-1.56016 0.273414 -0.533122
-1.5445 0.271268 -0.39036
-1.52896 0.281162 -0.519399
-1.49424 0.297878 -0.50705
-1.47405 0.256997 0.302144
-1.45904 0.256327 0.42592
-1.39563 0.271575 0.185353
-1.42738 0.246248 0.159104
-1.44631 0.253429 -0.812316
-1.35331 0.215815 -1.02357
-1.18205 0.254482 0.984058
-1.26712 0.182737 -1.07224
-1.2295 0.200766 -1.03883
-1.17108 0.178718 -1.06595
-1.06381 0.198857 -0.0398821
-1.02724 0.200262 0.26932
-1.01608 0.188213 0.38797
-0.976429 0.223519 0.385242
-0.899126 0.228839 -0.509893
-0.859896 0.158986 0.0961714
-0.886421 0.104435 0.0944605
-0.336923 -0.0114357 0.184423
-0.31159 0.0265059 0.176567
-0.300943 0.0375023 0.183935
-2.10905 0.0776868 -0.446086
-1.91823 0.211047 -0.448988
-1.82282 0.280301 -0.64702
-1.78174 0.275271 -0.649069
-1.79812 0.138561 0.903141
-1.92347 0.158887 -0.7853
-1.67013 0.297311 -0.282829
-1.72407 0.283164 -0.633021
-1.55141 0.287737 0.486189
-1.63416 0.268634 -0.567983
-1.63366 0.276899 -0.953297
-1.72767 0.205395 -1.16756
-1.52425 0.310192 -0.624141
-1.57112 0.276784 -0.666358
-1.52866 0.288999 -0.510019
-1.57735 0.254974 -0.578332
-1.62952 0.237678 -1.00013
-1.50684 0.296508 -0.521695
-1.54395 0.277014 -0.669113
-1.57482 0.260644 -0.800713
-1.61223 0.200333 -1.17086
-1.5588 0.219385 -0.903159
-1.48455 0.262753 -0.79325
-1.48354 0.220813 -0.839653
-1.1946 0.24603 0.9674
-0.361438 0.000425377 -0.643381
-0.292518 -0.00511236 -0.0802345
-0.263422 -0.0202979 -0.486329
-0.236395 0.0165612 -0.464772
-0.257662 -0.000695688 -0.0693195
-0.120833 0.436013 0.147774
-0.0961571 0.482761 0.139568
-0.111709 0.417272 0.122772
-1.61889 0.272373 0.254926
-1.52179 0.289072 0.772902
-1.53656 0.249488 -0.0711182
-1.48021 0.249009 -0.0660435
-1.32977 0.284891 0.90085
-1.30458 0.261293 0.901417
-1.41381 0.22612 -1.02451
-1.38706 0.20038 -1.02961
-0.286883 -0.00943341 -0.0848882
-0.0763208 0.536926 0.144004
-0.0429802 0.0314042 -0.73499
0.0960725 0.0609217 -0.812481
0.102906 0.0356336 -0.816828
0.0126949 -0.0189767 0.0514924
